Simple queue system model:mu = 1 , B = 10
Lambda    Count     Min       Max       Mean      Median    Sd        Utilization   P(Loss)
0.200     200377    0.000     15.023    1.251     0.867     1.254     0.200         0.0E+00
0.400     401172    0.000     23.096    1.664     1.154     1.660     0.402         5.7E-05
0.600     599482    0.000     24.461    2.455     1.730     2.375     0.601         2.5E-03
0.800     781331    0.000     30.045    3.790     2.954     3.200     0.781         2.3E-02
0.900     854259    0.000     32.460    4.640     3.931     3.528     0.854         5.1E-02
0.990     905912    0.000     27.556    5.389     4.887     3.687     0.904         8.5E-02
Simple queue system model:mu = 1 , B = 50
Lambda    Count     Min       Max       Mean      Median    Sd        Utilization   P(Loss)
0.200     200377    0.000     15.023    1.251     0.867     1.254     0.200         0.0E+00
0.400     400070    0.000     18.180    1.658     1.146     1.660     0.399         0.0E+00
0.600     601173    0.000     30.204    2.529     1.749     2.539     0.603         0.0E+00
0.800     799712    0.000     54.270    4.995     3.452     4.984     0.800         2.5E-06
0.900     898827    0.000     67.014    9.434     6.714     8.954     0.897         3.2E-04
0.990     975865    0.000     79.286    23.329    21.843    15.195    0.974         1.5E-02
[Finished in 424.2s]